418           
   -7.518 -10.357  -2.027  
   -8.893 -10.184  -1.675  
   -9.129  -8.851  -0.973  
   -8.480  -8.866   0.294  
   -8.526  -7.647  -1.672  
   -9.541  -7.103  -2.520  
   -8.305  -6.644  -0.544  
   -9.453  -5.805  -0.393  
   -8.129  -7.534   0.692  
   -6.736  -7.540   1.176  
   -5.820  -8.559   1.134  
   -4.663  -8.245   1.646  
   -4.823  -6.926   2.057  
   -3.899  -6.049   2.687  
   -2.734  -6.273   3.011  
   -4.460  -4.806   2.932  
   -5.750  -4.445   2.612  
   -6.123  -3.202   2.919  
   -6.626  -5.261   2.020  
   -6.093  -6.483   1.773  
   -9.194 -10.994  -1.011  
   -9.499 -10.222  -2.580  
  -10.200  -8.712  -0.824  
   -7.617  -7.880  -2.226  
   -7.409  -6.052  -0.723  
   -9.193  -4.917  -0.649  
   -8.788  -7.214   1.499  
   -6.038  -9.538   0.709  
   -3.873  -4.117   3.379  
   -5.467  -2.572   3.359  
   -7.061  -2.891   2.712  
   -7.006 -10.290  -1.218  
   -9.190  -5.932  -3.569  
  -10.330  -5.792  -4.504  
   -7.829  -6.175  -4.097  
   -9.141  -4.621  -2.634  
  -10.322  -3.846  -2.409  
  -10.015  -2.553  -1.660  
   -9.209  -2.848  -0.513  
   -9.188  -1.542  -2.435  
  -10.098  -0.675  -3.118  
   -8.538  -0.727  -1.330  
   -9.454   0.243  -0.815  
   -8.248  -1.801  -0.283  
   -6.891  -2.363  -0.423  
   -6.479  -3.426  -1.185  
   -5.203  -3.676  -1.089  
   -4.736  -2.711  -0.203  
   -3.421  -2.484   0.287  
   -2.392  -3.104   0.027  
   -3.380  -1.409   1.162  
   -4.465  -0.644   1.525  
   -4.242   0.359   2.375  
   -5.706  -0.850   1.071  
   -5.764  -1.899   0.213  
  -11.027  -4.436  -1.823  
  -10.776  -3.602  -3.369  
  -10.953  -2.106  -1.328  
   -8.471  -1.999  -3.117  
   -7.618  -0.259  -1.675  
   -8.960   1.054  -0.674  
   -8.375  -1.409   0.726  
   -7.154  -4.003  -1.817  
   -2.482  -1.175   1.560  
   -3.299   0.575   2.666  
   -5.016   0.903   2.727  
   -9.609   0.180  -4.393  
  -10.701   1.103  -4.777  
   -9.050  -0.757  -5.392  
   -8.398   1.055  -3.791  
   -8.639   2.372  -3.287  
   -7.527   2.828  -2.341  
   -6.967   1.691  -1.682  
   -6.326   3.463  -3.013  
   -6.588   4.864  -3.121  
   -5.235   3.288  -1.968  
   -5.322   4.314  -0.975  
   -5.583   1.928  -1.363  
   -4.762   0.837  -1.940  
   -3.522   0.595  -1.371  
   -3.093   1.250  -0.424  
   -2.786  -0.429  -1.934  
   -3.172  -1.221  -2.997  
   -2.425  -2.109  -3.405  
   -4.476  -0.909  -3.538  
   -5.216   0.094  -3.000  
   -9.591   2.377  -2.754  
   -8.699   3.066  -4.126  
   -7.946   3.503  -1.592  
   -6.080   3.017  -3.976  
   -4.251   3.266  -2.426  
   -4.763   5.039  -1.265  
   -5.462   1.946  -0.281  
   -1.880  -0.617  -1.531  
   -4.866  -1.481  -4.380  
   -6.193   0.319  -3.427  
   -5.975   5.716  -4.343  
   -6.694   7.008  -4.413  
   -5.916   4.839  -5.534  
   -4.468   6.004  -3.853  
   -4.180   7.128  -3.017  
   -2.705   7.183  -2.630  
   -2.320   5.929  -2.057  
   -1.743   7.370  -3.790  
   -1.512   8.774  -3.928  
   -0.455   6.755  -3.268  
    0.245   7.686  -2.438  
   -0.977   5.583  -2.436  
   -1.011   4.323  -3.203  
   -2.043   3.794  -3.935  
   -1.759   2.648  -4.488  
   -0.448   2.401  -4.097  
    0.401   1.300  -4.394  
    0.152   0.307  -5.074  
    1.646   1.442  -3.804  
    2.036   2.508  -3.024  
    3.281   2.488  -2.546  
    1.246   3.546  -2.738  
    0.022   3.424  -3.308  
   -4.782   7.058  -2.111  
   -4.443   8.043  -3.549  
   -2.565   7.969  -1.888  
   -2.093   6.921  -4.720  
    0.174   6.405  -4.085  
    0.036   8.566  -2.758  
   -0.374   5.443  -1.539  
   -3.006   4.289  -4.050  
    2.313   0.701  -3.958  
    3.917   1.751  -2.818  
    3.591   3.214  -1.915  
   -1.196   9.415  -5.372  
   -0.630  10.767  -5.163  
   -2.390   9.239  -6.227  
   -0.027   8.462  -5.935  
    1.344   8.753  -5.653  
    2.236   7.532  -5.873  
    1.510   6.353  -5.555  
    2.656   7.291  -7.309  
    3.884   7.991  -7.520  
    2.976   5.798  -7.344  
    4.365   5.581  -7.087  
    2.125   5.230  -6.198  
    1.078   4.305  -6.679  
    1.497   3.106  -7.235  
    2.697   2.858  -7.337  
    0.557   2.217  -7.660  
   -0.749   2.496  -7.545  
   -1.622   1.581  -7.968  
   -1.189   3.731  -6.976  
   -0.250   4.602  -6.560  
    1.429   9.078  -4.615  
    1.678   9.559  -6.306  
    3.109   7.600  -5.223  
    1.899   7.583  -8.032  
    2.682   5.359  -8.297  
    4.849   6.285  -7.525  
    2.751   4.711  -5.480  
   -1.293   0.687  -8.303  
   -2.612   1.782  -7.951  
   -2.248   3.967  -6.875  
   -0.554   5.555  -6.129  
    4.110   8.825  -8.878  
    4.991   8.035  -9.767  
    4.476  10.213  -8.516  
    2.631   8.843  -9.517  
    2.358   8.170 -10.748  
    2.415   6.652 -10.595  
    1.506   6.242  -9.561  
    1.978   5.883 -11.834  
    2.684   4.637 -11.828  
    0.514   5.572 -11.576  
    0.119   4.387 -12.267  
    0.517   5.340 -10.075  
   -0.778   5.666  -9.457  
   -1.092   6.738  -8.671  
   -2.337   6.757  -8.282  
   -2.880   5.613  -8.856  
   -4.167   5.052  -8.830  
   -5.194   5.592  -8.175  
   -4.364   3.909  -9.507  
   -3.347   3.365 -10.165  
   -2.098   3.792 -10.268  
   -1.936   4.939  -9.576  
    3.094   8.478 -11.491  
    1.364   8.454 -11.094  
    3.426   6.368 -10.308  
    2.138   6.436 -12.753  
   -0.120   6.418 -11.842  
    0.079   3.681 -11.621  
    0.792   4.313  -9.833  
   -0.367   7.501  -8.398  
   -6.096   5.138  -8.188  
   -5.071   6.456  -7.666  
   -3.572   2.439 -10.695  
    4.265   4.588 -12.132  
    4.988   4.666 -10.843  
    4.560   5.565 -13.204  
    4.461   3.105 -12.731  
    4.758   1.998 -11.872  
    4.015   0.738 -12.307  
    2.639   1.064 -12.522  
    4.507   0.127 -13.614  
    4.400  -1.293 -13.476  
    3.485   0.565 -14.652  
    3.342  -0.433 -15.667  
    2.212   0.673 -13.826  
    1.310   1.728 -14.345  
    0.093   1.352 -14.896  
   -0.263   0.178 -14.970  
   -0.703   2.381 -15.361  
   -0.395   3.728 -15.326  
   -1.189   4.553 -15.774  
    0.889   4.038 -14.738  
    1.684   3.042 -14.277  
    4.467   2.246 -10.851  
    5.830   1.805 -11.899  
    4.070   0.000 -11.511  
    5.522   0.429 -13.866  
    3.755   1.529 -15.084  
    3.180  -1.270 -15.224  
    1.695  -0.286 -13.760  
   -1.593   2.125 -15.765  
    1.217   5.076 -14.657  
    2.654   3.292 -13.846  
    5.436  -2.264 -14.235  
    6.325  -1.427 -15.071  
    4.665  -3.364 -14.855  
    6.315  -2.883 -13.029  
    6.051  -2.545 -11.660  
    4.897  -3.370 -11.085  
    3.811  -2.497 -10.761  
    4.309  -4.401 -12.058  
    4.142  -5.614 -11.320  
    2.914  -3.889 -12.384  
    2.003  -4.978 -12.562  
    2.590  -3.122 -11.127  
    1.563  -2.107 -11.317  
    0.407  -2.175 -12.031  
   -0.272  -1.058 -12.033  
    0.512  -0.208 -11.259  
    0.375   1.127 -10.857  
   -0.657   1.899 -11.195  
    1.350   1.644 -10.088  
    2.378   0.869  -9.755  
    2.611  -0.376 -10.068  
    1.628  -0.853 -10.828  
    5.797  -1.492 -11.598  
    6.952  -2.726 -11.073  
    5.228  -3.865 -10.169  
    4.918  -4.546 -12.939  
    2.926  -3.233 -13.255  
    2.386  -5.744 -12.128  
    2.289  -3.777 -10.328  
    0.099  -3.069 -12.557  
   -0.737   2.830 -10.811  
   -1.358   1.554 -11.834  
    3.141   1.319  -9.152  
    4.557  -7.030 -11.962  
    5.775  -6.830 -12.780  
    3.350  -7.634 -12.569  
    4.955  -7.896 -10.664  
    4.227  -7.751  -9.441  
    4.867  -6.699  -8.529  
    4.199  -5.441  -8.729  
    4.760  -6.974  -7.024  
    5.936  -6.431  -6.421  
    3.596  -6.109  -6.569  
    3.754  -5.730  -5.200  
    3.745  -4.903  -7.481  
    2.468  -4.195  -7.691  
    1.273  -4.699  -8.132  
    0.321  -3.812  -8.198  
    0.928  -2.636  -7.772  
    0.386  -1.330  -7.634  
   -0.758  -0.950  -7.870  
    1.334  -0.431  -7.174  
    2.643  -0.742  -6.882  
    3.419   0.253  -6.448  
    3.162  -1.965  -7.009  
    2.246  -2.859  -7.458  
    4.205  -8.712  -8.930  
    3.207  -7.448  -9.671  
    5.912  -6.586  -8.814  
    4.633  -8.028  -6.778  
    2.643  -6.612  -6.735  
    3.961  -6.526  -4.705  
    4.488  -4.207  -7.096  
    1.140  -5.736  -8.424  
    1.034   0.522  -7.045  
    3.029   1.173  -6.305  
    4.398   0.086  -6.264  
    6.383  -6.892  -4.945  
    7.605  -7.718  -5.068  
    5.193  -7.432  -4.248  
    6.786  -5.498  -4.249  
    8.147  -5.058  -4.247  
    8.274  -3.618  -3.761  
    7.510  -2.759  -4.614  
    7.705  -3.355  -2.379  
    8.760  -3.556  -1.438  
    7.407  -1.866  -2.422  
    8.600  -1.107  -2.209  
    6.907  -1.692  -3.857  
    5.432  -1.819  -3.955  
    4.670  -0.654  -3.966  
    5.217   0.445  -3.901  
    3.315  -0.761  -4.043  
    2.725  -1.959  -4.103  
    1.396  -1.995  -4.188  
    3.499  -3.160  -4.088  
    4.838  -3.046  -4.017  
    8.544  -5.128  -5.259  
    8.729  -5.707  -3.592  
    9.322  -3.321  -3.805  
    6.833  -3.965  -2.146  
    6.634  -1.598  -1.702  
    9.242  -1.693  -1.802  
    7.231  -0.734  -4.271  
    0.871  -1.134  -4.261  
    0.912  -2.881  -4.177  
    3.027  -4.140  -4.107  
    5.455  -3.944  -4.026  
    8.432  -4.097   0.042  
    9.694  -4.133   0.815  
    7.606  -5.319  -0.083  
    7.508  -2.923   0.638  
    8.047  -1.614   0.829  
    6.953  -0.554   0.898  
    6.175  -0.588  -0.299  
    5.923  -0.755   1.990  
    6.407  -0.087   3.159  
    4.732   0.044   1.481  
    4.852   1.420   1.853  
    4.842  -0.116  -0.036  
    3.856  -1.083  -0.553  
    4.017  -2.412  -0.856  
    2.920  -2.989  -1.270  
    1.974  -1.968  -1.236  
    0.606  -1.922  -1.554  
   -0.086  -2.972  -1.998  
   -0.031  -0.748  -1.406  
    0.650   0.305  -0.971  
    1.928   0.390  -0.640  
    2.536  -0.804  -0.801  
    8.714  -1.381   0.000  
    8.616  -1.597   1.759  
    7.419   0.427   0.988  
    5.693  -1.802   2.184  
    3.798  -0.382   1.841  
    4.345   1.544   2.658  
    4.698   0.841  -0.536  
    4.966  -2.938  -0.756  
   -1.049  -2.858  -2.285  
    0.352  -3.880  -2.050  
    0.078   1.228  -0.872  
    5.776  -0.411   4.605  
    6.674   0.154   5.638  
    5.418  -1.846   4.644  
    4.412   0.448   4.598  
    4.349   1.714   5.260  
    2.958   2.336   5.165  
    2.447   2.156   3.841  
    1.905   1.694   6.048  
    1.906   2.397   7.293  
    0.607   2.042   5.336  
    0.192   3.370   5.664  
    1.021   1.956   3.865  
    0.721   0.629   3.280  
   -0.513   0.446   2.665  
   -1.323   1.369   2.615  
   -0.800  -0.771   2.128  
    0.087  -1.773   2.189  
   -0.254  -2.941   1.645  
    1.357  -1.592   2.821  
    1.631  -0.384   3.349  
    5.072   2.390   4.802  
    4.607   1.579   6.311  
    3.033   3.403   5.374  
    2.050   0.622   6.186  
   -0.173   1.316   5.565  
    0.800   3.704   6.328  
    0.539   2.741   3.277  
   -1.154  -3.047   1.197  
    0.386  -3.722   1.681  
    2.087  -2.400   2.876  
    2.589  -0.216   3.840  
    1.498   1.641   8.655  
    1.542   2.624   9.761  
    2.286   0.392   8.746  
   -0.041   1.248   8.390  
   -1.051   2.260   8.354  
   -2.300   1.781   7.622  
   -1.926   1.166   6.396  
   -3.084   0.691   8.328  
   -3.954   1.253   9.314  
   -3.892   0.093   7.175  
   -5.120   0.807   7.005  
   -2.981   0.304   5.957  
   -2.392  -0.967   5.476  
   -3.142  -1.734   4.596  
   -4.252  -1.350   4.233  
   -2.625  -2.911   4.149  
   -1.415  -3.322   4.551  
   -0.964  -4.485   4.080  
   -0.635  -2.536   5.457  
   -1.158  -1.374   5.892  
   -0.655   3.138   7.845  
   -1.319   2.531   9.375  
   -2.938   2.639   7.410  
   -2.417  -0.051   8.765  
   -3.854   2.206   9.274  
   -4.077  -0.968   7.342  
   -5.389   1.123   7.871  
   -3.523   0.789   5.143  
   -1.523  -5.017   3.429  
   -0.064  -4.834   4.375  
    0.352  -2.860   5.789  
   -0.589  -0.753   6.585  
