497
#Comments
   5.47220367808454        10.4046607524530        4.89814033095467     
   3.12538773745641        12.8337034848963        10.2001960474154     
   5.12804620842854        10.8311610158635        3.02774879937607     
   10.6748103408807        1.33541546788424        5.79562416410461     
   3.73996290436636        12.3422571447918        8.12140292474388     
   2.39390318055812        12.4007401245536        19.9575950757833     
   11.1018657233037        22.4030175828656        5.72814703887279     
   7.74340988274192        6.29746744836191        7.96123898395709     
   19.1755746923497        20.8855190405946        8.73402260255849     
   15.7439711247811        13.1319411264189        11.1125437585522     
   20.7773386669524        2.20301748064475        3.16363349304980     
   18.0936639638428        14.6521483026080        16.4682149826332     
   22.9760478988464        23.8482401865602        23.0754656672585     
   10.5542727991477        11.0826622047632        7.83707710853896     
   13.2255840636393        14.7806773610136        6.23108787199357     
   8.91273782571880        10.3731230246870        13.2889610992953     
   10.2100618837135        2.70124920905560        1.83505179567472     
   16.1697401972077        22.2424996590046        4.04779883989681     
   1.16322296263443        16.7716855228869        18.4526507303030     
   3.79393102447233        6.33105225451676        19.5072136470629     
   13.1462807017354        1.21598086987945        23.1889243850973     
   12.1638803469488        3.95069282519448        8.90254085114639     
   19.5891625191490        10.3830990586533        11.8790350675333     
   10.0872006493979        16.1279664218739        7.40177747133232     
   18.5292412093213        17.7090378890849        16.9536121958533     
   3.52034464844398        5.53565352306327        16.2806347268039     
   17.9881458286684        24.1753340850168        21.0077029914966     
  0.357451417201667        7.69211818311557       0.918660068815679     
   17.0930983171602        21.1199883317938        23.7255135451343     
   12.9392858044363        5.64991693916929       0.907075723829082     
   7.20384012169070        16.0037437442027        1.42872978371926     
   8.07878811096401        2.61390255335369        15.1559098749189     
   1.53004685704560        1.11274627182356        1.10041061820370     
   15.4581551558243        2.42624899205282        21.4522981423387     
   9.48236088392396        18.6960630269515        11.7556146516827     
   10.8074613279600        2.13294425024883        15.5552746376394     
   12.6950478000823        14.4005816574133        23.6975029730102     
   18.6942600300912        21.8732552170541        10.0658112237337     
   7.95305609943282        15.3072179393568        14.5684022204729     
   7.59970863109817        22.4120475645807        3.16560148007333     
   17.5606454900721        13.0597570598548        21.9285228672582     
   6.28216737577504        10.2794091082666        17.0056952178441     
   8.84735888486738        3.72224303780755        14.8824065060597     
   3.42386291541377        3.22126688931996        1.04270300946992     
   18.8752692828351        17.8406075612473        8.75286769047986     
   16.1828357084489        5.86589995731672        20.1076057005015     
   24.5724990817520        13.8309128514678        20.4068673053577     
   11.4425958053477        6.04295194877547        14.8091059584571     
   18.4683340832615        8.88063739490905        17.0211799326654     
   21.2117879852065        14.5462620648267        14.6736981930776     
   20.5498601610590        11.7984080120082        17.3053069707352     
  0.238541541495452        17.8119923192054        7.65220616413533     
   19.1261049372934        3.47188104565504        10.9546192361687     
   7.68908025083962        20.0746155700419        23.8979420444798     
   14.9938263081633        17.1291909611254        24.4499907774467     
   13.3923054470863        19.9304582715363        17.0145539399438     
   22.5424822065350        20.8976646007493        22.7462441491996     
   6.78535897638089        5.01573013170020        5.82354054743209     
   23.4406854372080        18.8992864296704        20.8072996057528     
   7.11114134013501        24.7254295901381        13.6359634534011     
   14.4228644580553        10.4595216660135        1.60628561838646     
   16.0072290300145        15.7860126545968        11.8483918736857     
   22.8936403922766        13.5640656392669        4.25413240940760     
   8.99130810240508        11.8928682811836        11.0905300489593     
   17.2499075125232        13.1060112743118        2.75048025062680     
   10.1040887825676        1.39853989046488        11.3528080757182     
   18.5822476201690        18.3476668144990       0.633492800881607     
   12.5954075625696        13.5284027045143        6.01186073048004     
   2.91660047379861        5.57798935456641        3.86528267194991     
   20.5189959229820        20.5511294090546        13.4411203563116     
   1.02403427312040        13.9651347773911        21.3685650025267     
   10.0141043118996        8.97979977360135        10.7872472524851     
   17.3702193380635       0.412054374140524        6.22162811715999     
   13.9360757163517        15.4220430217412        1.46217563966492     
   20.3744666673550        14.1609618231053        13.2800624250217     
   16.7913143204740        17.5548681635977        19.4662245409057     
   19.9484343938076        22.4718443045356        2.59116339025792     
   4.56881161984739        16.4112242130215        11.5417322960097     
   17.9246208908606        21.4641248662133        11.6944372644290     
   5.78295001826649        23.8703528109214        22.6082963343130     
   18.0577677960255        21.5086834370913        15.3028010455297     
   1.11321466782226        9.72400411079763        8.76978761138113     
   2.22982098803756        4.30243625433617        1.50316193585740     
   12.1936707268585        15.7499301554125        20.7257679480080     
   1.55866088964743        1.51047766653992        17.2213269051646     
   12.2205881072221        21.4465265295710        22.3947393845967     
   5.18728009425457        11.0518895581866        20.5313116362192     
   2.05376425506260        12.8813769037369        8.98751757211300     
  0.874866509164547        22.1370106460307        7.03417213057078     
   7.93540399684437        11.8579642946540        21.1060287315423     
   17.9657181590802        22.3407091717643        8.01738022813330     
   22.4267596763608        6.85888994980110        6.96998237442509     
   2.23473075943909        20.2456804974561        7.52482474505842     
   8.84331404358459        16.1226689406213        10.9711717490071     
   3.64483028911018        7.04334004856522        15.7320847463021     
   2.61291744772739        15.0206858080295        9.06932958263910     
   1.45841507927053        15.4176856283861        20.3368331535743     
   11.6512372343388        16.3946434726268        23.8425378058488     
   7.54134921485111       0.971389265809957        10.9591634485857     
   4.63917895824719        22.2273140415395        16.9169229100249     
   5.97500328476122        14.5654772217605        1.79723268107902     
   14.7018815088964        9.34932742825079        22.8493910440903     
   6.03749048772446        18.3106862059572        4.15846098547260     
   20.7832036606002        9.03286517623591        2.75226506434453     
   1.56923120470480       0.747662301980029        3.16424754113776     
   23.2590425846746        14.8716319226000        19.3407140889091     
   2.58998012336821        20.6242089943934        16.4344604728910     
   18.1885088294144        20.4816179655513        19.1399809304074     
   11.5293577797506        16.0962155491600        7.01951904179587     
   17.0973310691836        20.2023649575803        9.09420002517286     
   24.6312188997283        9.20426550913010        6.97007165689458     
   7.56629630615104        9.10377897853911        15.9839723007354     
   20.4860692698213        10.6183234528492        8.64575519422536     
   15.3481101105025        24.5754631286569        10.9153721938851     
   7.99444350527912        16.2030283028408        20.6697978342386     
   23.5255843638904        2.02469429827091        22.7741143310099     
   4.07014876278551        11.0169060248500        3.88587734913110     
   8.48919968075225        7.95897039267551        20.2828025828741     
   3.83231111436069        22.2995831140276        3.32201251747569     
   10.9680065620725        4.60203398809997        22.9802213288401     
   7.96077196642270        10.1361461409463        16.7578659898728     
   15.4195599461649        19.8415336818432        24.4506620278546     
   17.6955743278975        10.3139243609498        4.22776363253553     
   21.8238781019493        2.82072474682667        11.4655128132100     
   8.49899320080782        23.5337349807294        1.36029929594335     
   7.45087153215102        8.88992121867966        12.1461585842118     
   5.96338548060482        23.4168326867806        16.6437690224950     
   5.92328807737574        17.4157723004412        1.59023945451087     
   24.2347445033072        12.1514981496050        23.6059998851365     
   10.7681785540666        5.99589066410562        22.3160175097048     
   2.11225839634157        22.1669639686321        23.8620686494193     
   18.6889532228416        1.69136850876010        22.5658841443101     
   10.5146369056129        11.1841490518482        19.9179656760697     
   5.14524952836937        16.3405612525168        2.73892298351917     
  0.719500821683075       0.982458624556003        18.2869129024636     
   3.22252539743176        23.6993224648061        17.3046458058293     
   13.6990860272448        20.6166094825267        14.2435388832464     
   10.6084775718739        9.43652602376417        1.26412343291129     
   18.3944256618028        23.4861672720338        16.8197593966076     
   13.3048694329538        15.8550213092103        14.3650891471360     
  8.466470827108694E-002  0.950413999874327        9.60893840585873     
   17.8881040529197        19.2887305068360        18.1342302593197     
   24.0370604433792        18.4273641943220        18.9969341684528     
   20.4462211766414        3.05190223544900        13.8891910518373     
   20.4455362136113        1.83143550662426        22.3295407837017     
   11.5208219099712       0.633617720961124        17.9737878752250     
   23.8173196823298        2.17776783611703        18.3365028704556     
   12.2519867105236        17.0146305335756        22.4629650016592     
   6.20380172383607        20.2520131238357        4.28237670003073     
   17.6883724158160        5.60480812758372        16.2451786462961     
   21.1746867303722        22.8756123622299        4.15568026050854     
   4.66119593976974        23.1924130210926        15.8570960494897     
   18.7336584978950        4.56299683765429        1.20407451617194     
   22.4365311822151        24.3149310558352        17.1811571633468     
   16.8075983209001       0.934539819511589        12.3036012885265     
   3.26339994021733        22.7356737839364        1.72074827485183     
   15.1424724384045        16.4983024699676        8.83381054707761     
   8.76174103781840        2.64787577375559        12.2055553286449     
   21.1389253285237        5.88397669488977        2.60580179421384     
   22.0457051174885        19.2125113827745        7.76372569857714     
   21.7482452773278        20.3160695112473        10.0793800780984     
   17.4011534853626        22.1404453403576        9.27761106971077     
   12.3631846361835        8.94505522719269        13.3372759452861     
   13.7066922560518        16.7199615645762        16.8614583082133     
  3.690469423248266E-002   13.1611727603849        1.23952792598649     
   3.99190178210932        22.0353274753643        18.5673544236826     
   12.6163451081172        22.0859220132047        5.44807953736900     
   19.0690814386781        9.72338552370747        8.23165303163302     
   16.9469880099383        1.22004339190383        7.38413748001603     
   6.85202776794725        2.74955818503256        10.5191005490469     
   24.5741578102865        12.6728309255178        22.3110888307826     
   7.68129762528456        1.97910210874846        9.23553251659702     
   5.10895734654129        22.6319962037268        13.9681057897341     
   2.45477583587944        1.25864819470739        7.59060675230504     
   15.2173557940016        21.6119353225209        22.3787646341334     
   2.60531279860648        21.1009849136804        13.7654337964951     
   5.33928195290437        6.98169674652834        12.0817329577464     
   16.7413143822823        17.6347991133829        12.3865729513923     
   1.82850656951296        23.4329507566898        11.1671144817056     
   19.1973763389839        24.6062408571099       0.504235736470935     
   14.5948601417442        20.9122215573977        4.80634069350338     
   10.6093345460035        11.2151125267677        10.4913486447559     
   6.02075560825147        18.3965387446824        15.8067367629012     
   11.7372321101099        7.00485320064205        16.5761463070618     
   6.53218208833011        23.2914375898069        11.3280962885495     
   9.12693143216136        7.27110330832243        23.4115644540869     
   22.5475409708124        24.0689489210954        8.03610290992554     
   19.8226599082115        18.6129619240138        9.91947311909421     
   1.97717459614766        24.6326805440421        16.9895223151043     
   12.7772649521264        19.3623082189343        3.84063108922528     
   20.8521733440753        6.87663406098208        13.9234964525978     
   17.0636120038882        15.2684356986228        8.20226251961779     
   17.2964452851722        22.6004908106394        4.76924408300435     
   3.49348610817978        2.66406802850302        6.28942927775851     
   18.5350168814130        1.01217811882974        2.89805130672030     
   23.2727173793201        23.5652703951989        19.4763407535605     
   2.02878160681775        24.4644061348008        15.0285636629570     
   8.74982882753564        21.8049851138842        16.2433791018597     
   5.13527797778098        7.88581570850398        16.5020097743741     
   4.51588292237233        10.3169526467666        6.90062397966481     
   5.25215910941299        9.89350022089737        21.5693475855742     
   9.25370822582856        15.7470755029961        22.1190511041039     
   6.46162475498218        16.2690853623613        9.72678867399811     
  0.444233846251767        20.2560620793893        1.07867439046956     
   18.7669032936174        24.6762941574262        23.2158256268025     
   20.7129058735435        23.7762301461479        9.34275736463883     
   4.49772286325070        10.2643423734664       0.857171593233365     
   15.2089601046402        22.8538520465859        19.4368809752363     
  0.693763643720306        17.7662084177285        8.82011757960565     
   13.6295545588663        12.0086979114940        17.9737843020051     
  0.415098204758087        22.4669000743726        11.6038319982292     
   18.3004655151151        8.87724400046127        6.53287280726687     
   23.3413213816828        13.7493701263316        1.32041005185321     
   6.47482366146344        6.26650390375334        11.3481286216902     
   12.1003043358426        24.4631404065653        12.9968111859381     
   15.9911052813686        21.7193530673707        20.4727158881071     
   5.52328800804020        13.8983586111269        8.90862791698085     
   16.5183534208236        15.2883307964098        16.8330516927173     
   16.4453046458145        14.1457749491099        9.49117100981578     
   4.16349927281982        8.23244781700547        2.34958821721395     
   13.0179066605641        1.75159907129021        15.3603181211537     
   5.27939012487538        1.91319811602796        2.37961745118031     
   14.2358485287266        22.7256511824034        3.75172699368523     
   20.8052024056378        8.94447331179313        20.9387187826048     
   13.9810275669761        23.8756509188410        17.9270736415627     
   17.3234694920547        8.51910905684295        4.54156304210239     
  0.217486778651231        23.8359022978949        12.6660721140285     
   8.27324620311211        20.6584348833722        18.7609270283106     
   8.49588060538960        13.8474914586519        22.1651770580040     
   11.2830772388730        22.5039011753714        16.5456448213936     
   3.68875617613198        14.5450305516741        6.13522711580795     
   7.29656527677733       0.666872611143390        5.93163848111449     
   1.18181903895506        24.5187107124454        8.24544648614836     
   10.0399114650460        19.5288897422353        17.1904163791529     
   2.31516125266339        11.7416087939232        21.3525060456385     
   11.0783042163574        22.2282496264666        7.64868640051880     
   23.2549567263322        2.41493493343711        2.43536066939888     
   11.6264269004638        7.90710217752325        6.81991630053860     
   23.2774975336945        15.8070648445310        13.8418625795466     
   21.0137265798984        7.23376580736330        9.46897488442892     
   15.4079860348347        22.3724442488164        1.54258369025075     
   5.80742699539198        2.65577555656628        11.0929568691708     
   14.7041408831177        14.5133797748713        21.4714850297024     
   2.37734056321266        11.0884867556749        10.2214111848103     
  6.647358320619101E-002   5.80634402489320        13.0952498796616     
   11.9466773010463        5.69870717399002        15.9141093302337     
   13.0863668861742        2.72435727246891       0.577478603452611     
   15.5633723222461        16.9376664240718        13.4280980211045     
   19.6090718667942        1.25591087729651        10.2184468908740     
   19.0259825831801        12.6441670151139        10.2476472252622     
   16.7745044274019        2.89479739226805        14.6058061133546     
   9.60166649571623        3.45712136278392        20.0198533026782     
   12.4363298075176        11.7758153106115        21.6533386541219     
   24.4211864709044        6.50940653507008        16.0499754723709     
   16.6491381500133        8.64033534744467        10.2777685604363     
   17.2177279683872        6.92928732019250        17.0206227117841     
   8.55516167884478        2.45680089917144        6.27641308842202     
   5.49328001588788        18.5854288730985        22.4942102416793     
   18.2527653048451        7.25761439287635        11.8973503838891     
   17.2246617412396        15.4912536017229        6.87588600670870     
   20.2277303749433        24.0660639112686        11.0642442230052     
   2.28178446230226        13.2893807515756        21.3860287931499     
   15.5769772947413        6.79627935410613        24.2581754376812     
   19.0907659026971        21.7125017979346        14.2261347684638     
   17.8400593288244        19.6890112231802        23.3857908524072     
   2.52716555357968        22.4603596642554        4.34814422716777     
   19.1829277212955        11.7933990606297        9.24738412015370     
   12.8657171257278        4.13036801809291        16.1436105179945     
   5.96583214236445        18.3351609736076        18.6634026179480     
   2.25393997897001        9.62850859922452        18.4838103825439     
   18.7892135423242        11.9147274426925        20.9834243552515     
   1.11251065275939        13.9284853268087        2.06654453340734     
   14.3698057938961        18.5251195380386        3.02693601624405     
   3.72105262930425        6.39880682289900        21.6268916612407     
   1.00805271824785       0.716204612747717        4.70630149893616     
   18.0313334555370        9.05355657981872        10.9752336359337     
   5.00800164491243        21.5897937365432        6.76302382125264     
   5.30316583755484        9.61671714310938        15.9115481974230     
  0.193139796102097        5.67873269141377        24.2592653607111     
   21.9116468786053        3.24830817687865        8.84490436114041     
   3.24603407870808        2.34193271927072        9.02043948158355     
   6.81638525790014        11.2833198526397        23.8946857072302     
   15.5217624311188        20.9901332761489        7.08181760915238     
   10.2629745698991        8.92008034779276        12.2621959537674     
   17.4930477910462        3.14184358797903        21.1761176620176     
   11.1566040872259        8.99121515118589        2.98504189373983     
   22.6630908214948        7.42421771406752        12.4243572426607     
   1.74451292412634        6.20901650086927        19.6605632222488     
  0.580904885640720        22.9289057180299        1.47875218620540     
   7.71374895547639        4.20477766485719        16.6246672113336     
  0.109537846704253        18.5843839918813        17.3562600541286     
   5.02780693685363        22.4941498491897        21.0629116736904     
   5.89981262838402        8.00061275611684        10.1354087919520     
   21.2308410191544        2.48839936932439        19.3741908453913     
   15.9028777454051        24.3318337441678        6.17656829549145     
   6.45420996812983        10.8715132400438        15.1253842381505     
   17.0698858934702        21.2447304618675        16.6493703025276     
   11.5874188446028        21.6442150530684        12.2436933166522     
   12.6913529439452        11.8031051061300        19.4979065244104     
   22.6164354047984        10.8891818606063        14.7998483505586     
   7.63156726426440        16.0661248960607        5.21378206740390     
   11.2680157846327        13.8566381832665        12.9518089463388     
   20.0638931664792        17.2082851113755        2.48332116829185     
   17.7688309361863        7.03152009624441        23.1329760599493     
   8.03071995222443        6.42639159433461        22.5190731684896     
   2.49487826856963        15.3803416938457        7.32869030242818     
   4.47661276428265        23.7787642878208        17.5037296494087     
   16.2741065548440        5.57012735578053        18.2235425696703     
   4.62047369380214        19.5620865390788        6.28345984584424     
   23.0835002977009        17.3440798224478        6.95763458183751     
   1.73971804866767        19.0913284687803        3.77215034146535     
   19.8096705647181       0.619507755488251        21.4419310907484     
   6.15504168925647        21.3435528213531        14.0150846888291     
   17.0679898773509        14.5652253083338        10.9662633741855     
   13.9566546027533        19.7428156043819        23.4128906195720     
   13.2826491274794        7.79215953353297        10.7412260409927     
   18.6966361068091        10.3706254835580        6.55457691966554     
   15.4534340170957        18.6028168657307        4.61033186035097     
   8.90160865866519        10.2633780577510        23.5131936986252     
   16.1543658367273        19.9522597838581        3.69777698623782     
   3.79890278893032        23.7501872403662        13.9249814200906     
   10.2023250623863        20.0985700897031        18.2873152442861     
   16.8031340507660        19.7937943986458       0.713139361742505     
   21.8031106767733        4.64504112372037        23.6809400304968     
   19.8998194539386        12.9831360032008        22.0273733602027     
   16.1544331174297       0.391047368439562        4.20507263346278     
   3.46534920225240        20.3797164274859        18.0190425097811     
   1.99872145514584        7.98971430934296        9.36598228168873     
   14.8799457332649        23.4953217997139        18.6432950174583     
   19.7364834053994        4.81805485899892        23.7775761465288     
   2.30084563067045        11.0840132643985        6.12774138308301     
   19.9770383273137        1.65276715012289        14.6406336547947     
   5.57972769510125        8.35754688755550        24.3384240344627     
   1.91401154188209        3.39717074722385        18.0742314296052     
   22.9165544497248        24.6082115324168        9.56985684751605     
   6.83236262010736        24.7568159910452        24.2136158484580     
   3.53985706028764        12.7241494968451        3.25339457540783     
   16.4875875284860        9.53452317412218        14.8750702256496     
   9.97350157028779        22.6150494565142        15.0983705500630     
   23.8858443294185        15.8707434841010        8.27906983319761     
   12.0117694274026        13.4274561945846       0.341332421751587     
   10.4691784020904        23.9962434136489        1.61513385573980     
   15.4090177797576        22.9958535281461        6.37920804228810     
   14.6198280306452        10.3011202981393        17.7001747087124     
   19.9689858386214        18.6992103069924        13.4264224397449     
  0.509296998564277        10.9762350108562        6.31419517043105     
   5.42385927296703        3.40991227840235        22.7090957118203     
   21.7516020115830        4.44547712818573        5.55585240231044     
   22.5055130033263        9.01136629816720        4.80011461315322     
  0.479048899024587        23.8524333145801        4.92803941014469     
   3.08106424377018        17.5690369916499        23.1042380294607     
   3.24191255951049        8.72634088825667        3.78749699572520     
   5.64062357260552        5.09172796538354        9.93657260298605     
   21.3961518620804        4.58134127448537        11.8693625947955     
   8.45821989638667       0.118255455067057        17.6171194251242     
   21.7488451811751        13.6412044605643        8.38309663001313     
   23.8781766490315        22.1989645770297        21.4557154617831     
   20.3651114215520        12.4351898358054        24.7057732255131     
   7.47641051686819        18.9859270744459        17.8185951182129     
   19.8678521742402        10.0451295758147        1.28866079410415     
   3.50051396122341        11.5828967330192        13.7159404043928     
   13.6246390145903        4.03090436051423        3.92191997093749     
   13.5883454322566        16.3475382387567        11.9389852064019     
   4.92773724673136        15.8159573021940        22.0585934435007     
   1.69062502233448        1.39528886045537        23.7650092468429     
   2.59824803415122        16.2553818806493        11.4619332870587     
   17.1903333149712        18.8453198296110        24.6051531834629     
   10.7706645394679        20.5054901710124        22.4220194617193     
   11.1561507132951        8.74502573475065        4.98686078835817     
   20.4670557690316        11.5107109152006        1.06635494497655     
   22.2782307214918        18.9849689965517        9.81609456331721     
   2.68079409442402        19.2543245592378        1.51548730360091     
   7.48182397005264        5.94373421226473        4.79576986448018     
   18.5769140815551        7.41068130311918        1.29507109874890     
   1.49151803920740        22.5670905730505        20.4735869244942     
   3.84989959937680        20.8127249746806        2.78681749755911     
   3.71280360485148        12.5580122514799        20.9708919345208     
   23.7986305689118        14.9369259980085        17.1527774688287     
   16.7782715629220        7.78726738286534        8.59025081612752     
   8.01093239470852        7.31555546704269        6.46738605542663     
   6.85417184300961        4.23548643692507        18.1339418576559     
   23.1704288613837        9.79243371765310        24.5949343770363     
   1.72772673782641        11.5566343447607        23.5926354695097     
   16.0627574705976        14.8105914876581        18.5080133781590     
   10.3359475546537        10.3907598034310        4.94370255792599     
   17.4948152036730        4.64805904987176        19.3797663717126     
   12.1845475529706        15.5994562132216        18.5906580363428     
   22.5996978327358        23.2047951570426        18.0988545976335     
   6.02451194222497        9.51442193900507        6.80652207461850     
   13.6912061852962        9.95794576252851        16.7114001172584     
   17.4608451505519        24.7536538339733        17.3305590812307     
   21.2974713331607        16.5118641209821        22.1209414041863     
   19.8229854802003        2.66885565055043        10.0088723692646     
   11.0540969426339        18.8819513978837        6.79648178554893     
   23.0853863121630        10.0756151422752        1.65817124716054     
   23.6916806801388        4.53764270850546        22.0244557961656     
   6.32402166011873        17.2782922763972        23.4180278864411     
   19.7626695211601        18.8086181920485        11.7684286450948     
   8.34423730764827        22.9028652169490        17.9348802036433     
   18.0930463481032        8.45738766289341        8.30408423110825     
   14.3138395432181        5.08248719342848        18.0355000603196     
   20.8653719710623        10.0407228220103        19.6488539995248     
   9.24774569121734        22.8458066785966        6.18437389411857     
   2.63503158878246       0.835785385650593        9.25112931016784     
   22.2862474849831        22.3842882299812        12.2242518622651     
   19.4156187032939        21.3371206979317        7.11833211014520     
   3.06282733562214        24.1953585882429        3.21245301136251     
   2.13000254747493        15.4078510028523        5.73151337651068     
   10.5191224790679        24.4827992072747        3.92472445426777     
   11.0331616125917        9.82705100687748        19.1094653743712     
   13.5155763962871        1.61515836929124        17.9415059093219     
   19.3944694788752        3.25050977774484        24.4414982207842     
   2.73468407179067        12.4910384498474        4.92442865314654     
   23.4102472515603        2.57668775174521        12.9496123735914     
   11.0789281957812        14.2786396389326        20.5530597411741     
   11.1097305266666        22.1073156430709        21.9612311025379     
   4.22717136560027        1.11600522210638        8.63587204904453     
   16.2210637939617        15.9776446357483        1.72569086400051     
   1.39747436619850        3.24309737724344        16.7115856126963     
   10.5067794366288        2.97580202233943        14.0591586058302     
   13.2083870573855        8.94236730850506        18.7061103029693     
   3.40699570395606        1.75298209099019        3.08375151457970     
   24.5828305186495        14.8785157668783        13.9735309896497     
   16.2755350963887        3.80362561617756        10.8740551308504     
   17.1024697329079        22.7237379724446        24.4755990499886     
   18.4075803748777        9.75883947827810        13.5006300384435     
   11.9692318052210       0.658007952671028        6.49856532428518     
   18.3319041628097        1.47749893034074       0.983030209909656     
   4.88795051897850        19.8101864680653        12.1324458149833     
  0.960725213884623        6.54059626229844        11.2699796156177     
   6.04987245624767        14.7535510575621        3.19273448786623     
   14.8971171104935        8.79689327077120        13.5414165889441     
   5.30017048620208        11.5963701670907        8.09634901147466     
   22.4083859940898        21.6674944062995        4.65696519803743     
   9.83817282403534        14.9568311864786        1.16048030797475     
   12.5942158994115        2.63923592038772        9.92517838018907     
   20.5717883482175        14.4275921333128        21.8021793849060     
   3.58500629976244        11.5777429979278        18.0863108110101     
   11.8125624767793        2.52543291124671        3.16006862038492     
   24.1120415449443        11.8701206214804        7.65229159759487     
   9.36630065157948        4.41373919313276        11.6766451194186     
  0.716313639972834        12.1806097650117        20.6325775470946     
   7.53317452015218        21.8248520654502        6.75101594627414     
   3.97357083928313       0.610897300805154        3.83163294437406     
   3.46061412309594        23.0313154641409        11.8557043182743     
   3.62673564962946        5.21537138383440        12.5437641431810     
   14.4259617219203        5.11293825792754        15.6163181062035     
   1.35811457767995        15.8721921532929        17.3220345206750     
   19.7198494943972        5.75144262134820        19.8171951327392     
   18.4040802161660        1.29646094946001        8.01399116597111     
  0.491344242557931        24.0125290344847        2.95964501028408     
   15.1695792943327        12.5290465848659        22.0988638995975     
   12.1507049594806        17.8312071220815        1.81107419418418     
   20.0612089695737        6.46749567190533        22.1880823197696     
   13.1870095326355        10.0592384349104        3.84480693264445     
   16.5715286064700        23.2947215343641        20.7658013670522     
   7.71409932243847        13.3744377676946        14.5232516599780     
   20.3793201890145        4.78930357743098       0.354899391230613     
   5.54795581208919        22.8846748062865        18.2005231507897     
   22.6962139802287       0.528819863746701        20.6435003156188     
   15.1322382591345        4.88564052751376        2.61883786698431     
   19.4814726059361        14.7821570532843        7.13799276205595     
   8.84872811020666        8.38755335686727        9.27881757902277     
   14.0204424239559        11.7800059547624        23.2278738558387     
   15.2283058904695        16.9830098176157        19.4838054154747     
   18.9687379971795        19.3297129549080        8.99926033863913     
   16.5889324931094        17.6696123959683       0.755222512609479     
   6.27876627315960        18.1487221565429        7.80290693557089     
   17.6492068652173        16.6057905220129        17.3780772646081     
   20.7093939067373        4.12364582905826        10.3393734551234     
   7.73973672534058        18.7645680339035        7.28775607770353     
   16.9032195108651        19.1288386042695        7.84169157798507     
   14.2202004313977       0.450512225572935        22.5026061751960     
   19.1119804467225        24.6068317520209        18.2871307688393     
   9.60275239446110        9.93597540028194        3.16900904432604     
   1.30370388646212        18.9698764679951        18.0204923874895     
   1.13173767949823        22.8883606021585        16.1131961829679     
   23.3232899504546        6.21058919928363        3.40070732139351     
   8.50409881990881        7.02098108825721        15.6272088437473     
   5.57528570728239        14.4914887996949        5.43704393662996     
   24.1185880742832        8.15165228316940        15.8544957117636     
   19.3529127152653        5.40768870413038        13.7049610685730     
   5.33655648108680        9.57193174443908        3.48055715740401     
   18.3132322312623        8.77861818794476        12.5313150729078     
   22.3071759154700        1.80876409293650        23.3679171423167     
   12.8325849511573       0.119873741083367        24.6692996056468     
   15.1187765807418        5.57156483783672        24.2629387843604     
   13.2633914542164        13.1189177144259        9.26616390957010     
   12.9170725174542        13.0772560796382        21.2450957917497     
   23.4216609040001        8.09496242845396        1.71274003149069     
  0.298443795686941        20.7948736616659        8.50211768077364     
   23.2157768793572        19.2591776449687        6.84008954170302     
   11.8002867912893        8.69093292193462        10.4014244106513     
   5.94962931014387        19.6309830874560        23.5443816822373     
   7.31314399167335        22.2091506123075        12.5501683318132     
   18.9257708012863        17.7818270686808        14.7920684858147     
   22.8650451086068        9.20600702571191        2.90175177487488     
   
      
